direct_objects
online
headphones
Brighton
time
photos
Covid
Brighton
code
guide
you
mask
cards
surreal
you
chance
series
exhibits
online
money
point
2hours
kitchens
us
look
this
Audi
place
gallery
Brighton
venue
handsets
witout
building
handsets
what
sunshine
2
round
tour
anything
you
time
craftsmanship
Pavilion
the
room
pavillion
time
information
them
benefit
tearoom
products
richness
effort
history
resident
trip
what
hours
tour
fascination
room
miss
window
sensation
order
tea
Brighton
cords
us
visit
extravagance
place
horror
it
etc
holiday
way
one
it
coffee
time
stuff
couple
pavilion
tearoom
Gardens
stars
revamp
extra
service
difference
what
